70	100.255
70.2	98.1389
70.4	95.2232
70.6	95.2558
70.8	94.1964
71	93.4971
71.2	92.1588
71.4	90.4375
71.6	88.6626
71.8	87.8917
72	87.5517
72.2	87.3958
72.4	86.2704
72.6	85.1712
72.8	84.3672
73	84.4345
73.2	83.4001
73.4	82.0888
73.6	82.4458
73.8	82.6425
74	81.8667
74.2	80.9366
74.4	80.3418
74.6	79.495
74.8	80.0614
75	79.4899
75.2	79.2633
75.4	79.1398
75.6	78.965
75.8	77.7557
76	77.35
76.2	76.9238
76.4	77.3361
76.6	76.8559
76.8	76.7535
77	76.2873
77.2	75.7928
77.4	75.1611
77.6	74.7362
77.8	74.458
78	73.9233
78.2	73.2375
78.4	72.6532
78.6	72.1118
78.8	71.6153
79	71.1343
79.2	71.2383
79.4	71.3072
79.6	71.0752
79.8	70.8323
80	70.4505
80.2	70.3061
80.4	70.0249
80.6	69.8001
80.8	69.6353
81	69.5049
81.2	69.2967
81.4	68.9682
81.6	67.9774
81.8	67.5587
82	67.1543
82.2	68.0084
82.4	67.8995
82.6	67.8095
82.8	67.2751
83	67.1332
83.2	67.5365
83.4	67.5409
83.6	67.3602
83.8	67.3156
84	67.2435
84.2	67.1817
84.4	66.5672
84.6	66.3744
84.8	66.3196
85	66.0118
85.2	65.7759
85.4	65.5792
85.6	65.6843
85.8	64.9581
86	65.0787
86.2	64.8971
86.4	65.1206
86.6	64.94
86.8	64.8321
87	64.697
87.2	64.1531
87.4	63.8694
87.6	63.5061
87.8	62.8471
88	62.5562
88.2	61.9747
88.4	61.3774
88.6	60.9329
88.8	61.3867
89	62.0108
89.2	62.0274
89.4	61.9471
89.6	61.9943
89.8	62.0515
90	61.8399
90.2	61.7842
90.4	61.5011
90.6	61.5875
90.8	61.4939
91	61.431
91.2	61.3572
91.4	61.319
91.6	61.5052
91.8	61.2422
92	61.0573
92.2	61.2907
92.4	61.2851
92.6	61.058
92.8	60.8369
93	60.7307
93.2	60.4249
93.4	60.0586
93.6	59.9026
93.8	59.8916
94	59.9021
94.2	59.8103
94.4	60.002
94.6	60.2162
94.8	60.2353
95	60.1075
95.2	60.0703
95.4	59.8948
95.6	59.8786
95.8	59.8304
96	60.0056
96.2	59.9832
96.4	59.9882
96.6	59.901
96.8	59.9142
97	59.959
97.2	59.9716
97.4	59.9283
97.6	59.9625
97.8	60.0292
98	59.5566
98.2	59.4428
98.4	59.1777
98.6	59.0232
98.8	58.7789
99	59.2245
99.2	59.2617
99.4	58.884
99.6	58.3929
99.8	58.1324
100	57.9299
100.2	57.9004
100.4	57.7397
100.6	57.9939
100.8	57.7821
101	57.7507
101.2	57.3401
101.4	57.1768
101.6	56.8949
101.8	56.8992
102	56.7123
102.2	56.7392
102.4	56.9287
102.6	56.982
102.8	56.9492
103	56.8187
103.2	56.7037
103.4	56.5301
103.6	56.382
103.8	56.4739
104	56.4695
104.2	56.3878
104.4	56.2902
104.6	56.4212
104.8	56.4382
105	56.5148
105.2	56.5034
105.4	56.5482
105.6	56.4699
105.8	56.4073
106	56.4019
106.2	56.4142
106.4	56.4851
106.6	56.5158
106.8	56.4743
107	56.323
107.2	56.3093
107.4	56.3404
107.6	56.364
107.8	56.3126
108	56.2365
108.2	56.215
108.4	56.241
108.6	56.4182
108.8	56.4534
109	56.4938
109.2	56.3945
109.4	56.3576
109.6	56.2926
109.8	56.3392
110	56.4244
110.2	56.4604
110.4	56.4559
110.6	56.3812
110.8	56.4091
111	56.3866
111.2	56.3812
111.4	56.3163
111.6	56.3838
111.8	56.3942
112	56.3365
112.2	56.2208
112.4	56.181
112.6	56.2073
112.8	56.2167
113	56.1503
113.2	56.1095
113.4	56.0815
113.6	56.1668
113.8	56.1512
114	56.166
114.2	56.1021
114.4	56.133
114.6	56.1938
114.8	56.1516
115	56.1626
115.2	56.0982
115.4	56.1481
115.6	56.1004
115.8	56.0892
116	56.0351
116.2	56.016
116.4	56.054
116.6	56.054
116.8	56.054
117	56.056
117.2	56.0545
117.4	56.0546
117.6	56.0482
117.8	56.0448
118	56.0426
118.2	56.0508
118.4	56.0045
118.6	55.9394
118.8	55.9101
119	55.9302
119.2	56.042
119.4	56.0252
119.6	56.0356
119.8	55.9647
120	55.9886
120.2	55.9886
120.4	55.9292
120.6	55.9117
120.8	55.9352
121	55.9887
121.2	55.9452
121.4	55.9396
121.6	55.875
121.8	55.8672
122	55.9506
122.2	55.9128
122.4	55.9123
122.6	55.8488
122.8	55.8939
123	55.9538
123.2	55.9784
123.4	55.9952
123.6	55.9512
123.8	55.9512
124	55.9512
124.2	55.9512
124.4	55.8901
124.6	55.84
124.8	55.8172
125	55.8797
125.2	55.8805
125.4	55.8762
125.6	55.8753
125.8	55.8745
126	55.8763
126.2	55.8539
126.4	55.8863
126.6	55.9582
126.8	55.9354
127	55.945
127.2	55.8813
127.4	55.9154
127.6	55.9171
127.8	55.8553
128	55.7658
128.2	55.8041
128.4	55.8468
128.6	55.8529
128.8	55.8264
129	55.8264
129.2	55.8264
129.4	55.8264
129.6	55.8264
129.8	55.8264
130	55.8264
130.2	55.8283
130.4	55.8292
130.6	55.8302
130.8	55.7645
131	55.7456
131.2	55.7579
131.4	55.7515
131.6	55.7481
131.8	55.7591
132	55.7591
132.2	55.7563
132.4	55.7555
132.6	55.7548
132.8	55.7567
133	55.7567
133.2	55.7567
133.4	55.7567
133.6	55.7567
133.8	55.7549
134	55.755
134.2	55.755
134.4	55.755
134.6	55.755
134.8	55.7721
135	55.7769
135.2	55.7357
135.4	55.7312
135.6	55.7869
135.8	55.8303
136	55.8509
136.2	55.8021
136.4	55.7985
136.6	55.8523
136.8	55.8719
137	55.8635
137.2	55.889
137.4	55.9228
137.6	55.9433
137.8	55.8885
138	55.8893
138.2	55.9253
138.4	55.8828
138.6	55.8783
138.8	55.8349
139	55.8204
139.2	55.8061
139.4	55.7921
139.6	55.7783
139.8	55.7647
140	55.7514
140.2	55.7382
140.4	55.7299
140.6	55.7579
140.8	55.7594
141	55.7557
141.2	55.7557
141.4	55.769
141.6	55.8358
141.8	55.8136
142	55.8169
142.2	55.7587
142.4	55.7949
142.6	55.79
142.8	55.79
143	55.7435
143.2	55.7607
143.4	55.8484
143.6	55.8763
143.8	55.8713
144	55.8296
144.2	55.8296
144.4	55.8296
144.6	55.8296
144.8	55.8296
145	55.8296
145.2	55.8296
145.4	55.8296
145.6	55.8296
145.8	55.8268
146	55.8306
146.2	55.8314
146.4	55.8323
146.6	55.8281
146.8	55.9063
147	55.9271
147.2	55.8859
147.4	55.8859
147.6	55.8859
147.8	55.9247
148	55.9355
148.2	55.9122
148.4	55.9117
148.6	55.9089
148.8	55.9098
149	55.9109
149.2	55.8873
149.4	55.8797
149.6	55.8725
149.8	55.8934
150	55.8952
150.2	55.897
150.4	55.8927
150.6	55.9328
150.8	55.944
151	55.9268
151.2	55.9282
151.4	55.9297
151.6	55.9266
151.8	55.998
152	56.019
152.2	56.0402
152.4	55.9839
152.6	55.9839
152.8	55.9839
153	55.9839
153.2	55.9839
153.4	55.9839
153.6	55.9839
153.8	55.9839
154	55.9839
154.2	55.9839
154.4	55.9839
154.6	55.9839
154.8	55.989
155	55.9909
155.2	55.9927
155.4	55.9854
155.6	56
155.8	56.0034
156	55.9974
156.2	55.9974
156.4	55.9974
156.6	55.9613
156.8	55.951
157	55.9408
157.2	55.9667
157.4	55.9667
157.6	55.9667
157.8	55.9667
158	55.9667
158.2	55.9667
158.4	55.9667
158.6	55.9667
158.8	55.9667
159	55.9667
159.2	55.9667
159.4	55.973
159.6	55.9749
159.8	55.9768
160	55.9464
160.2	55.9396
160.4	55.933
160.6	55.9509
160.8	56.0238
161	56.0452
161.2	56.0668
161.4	56.0094
161.6	56.0094
161.8	56.0094
162	56.0094
162.2	56.0094
162.4	56.0094
162.6	56.0094
162.8	56.0094
163	56.0094
163.2	56.0094
163.4	56.0094
163.6	56.064
163.8	56.0837
164	56.1189
164.2	56.0836
164.4	56.0885
164.6	56.0757
164.8	56.0757
165	56.0757
165.2	56.0757
165.4	56.0757
165.6	56.0757
165.8	56.0757
166	56.0757
166.2	56.0757
166.4	56.0757
166.6	56.0757
166.8	56.0757
167	56.0757
167.2	56.0757
167.4	56.0757
167.6	56.0757
167.8	56.0757
168	56.0757
168.2	56.0757
168.4	56.0757
168.6	56.0757
168.8	56.0757
169	56.0757
169.2	56.0757
169.4	56.0757
169.6	56.0757
169.8	56.0757
170	56.0757
170.2	56.0757
170.4	56.0757
170.6	56.0757
170.8	56.0757
171	56.0757
171.2	56.0757
171.4	56.0757
171.6	56.0757
171.8	56.0757
172	56.0757
172.2	56.0757
172.4	56.0757
172.6	56.0757
172.8	56.0757
173	56.0757
173.2	56.0757
173.4	56.0448
173.6	56.0347
173.8	56.0249
174	56.0461
174.2	56.0461
174.4	56.0461
174.6	56.0461
174.8	56.0461
175	56.0461
175.2	56.0461
175.4	56.0461
175.6	56.0461
175.8	56.0165
176	56.0092
176.2	56.0232
176.4	56.0232
176.6	56.0232
176.8	56.0232
177	56.0232
177.2	56.0232
177.4	56.0295
177.6	56.0315
177.8	56.0334
178	56.0285
178.2	56.0285
178.4	56.0285
178.6	56.0285
178.8	56.0285
179	56.0285
179.2	56.0285
179.4	56.0285
179.6	56.0285
179.8	56.0285
180	56.0285
180.2	56.0285
180.4	56.0285
180.6	56.0285
180.8	56.0285
181	56.0285
181.2	56.0285
181.4	56.0285
181.6	56.0285
181.8	56.0285
182	56.0241
182.2	56.023
182.4	56.0251
182.6	56.0251
182.8	56.0251
183	56.0251
183.2	56.0251
183.4	56.0251
183.6	56.0251
183.8	56.0251
184	56.0251
184.2	56.0251
184.4	56.0251
184.6	56.0251
184.8	56.0251
185	56.0251
185.2	56.0251
185.4	56.0251
185.6	56.0251
185.8	56.0251
186	56.0251
186.2	56.0251
186.4	56.0251
186.6	56.0251
186.8	56.0909
187	56.1171
187.2	56.1387
187.4	56.0887
187.6	56.0832
187.8	56.0832
188	56.0832
188.2	56.0832
188.4	56.0832
188.6	56.0832
188.8	56.0832
189	56.0832
189.2	56.0832
189.4	56.0832
189.6	56.0832
189.8	56.0832
190	56.0832
190.2	56.0832
190.4	56.0832
190.6	56.0832
190.8	56.0832
191	56.0832
191.2	56.0832
191.4	56.0832
191.6	56.0832
191.8	56.0832
192	56.0832
192.2	56.0832
192.4	56.0832
192.6	56.0832
192.8	56.0832
193	56.0832
193.2	56.0832
193.4	56.0832
193.6	56.0832
193.8	56.0832
194	56.0832
194.2	56.0832
194.4	56.0832
194.6	56.0832
194.8	56.0832
195	56.0832
195.2	56.0832
195.4	56.0832
195.6	56.0832
195.8	56.0832
196	56.0585
196.2	56.0519
196.4	56.0455
196.6	56.0628
196.8	56.0628
197	56.0628
197.2	56.0628
197.4	56.0628
197.6	56.0628
197.8	56.0628
198	56.0628
198.2	56.0628
198.4	56.0628
198.6	56.0628
198.8	56.0628
199	56.0628
199.2	56.0628
199.4	56.0628
199.6	56.0628
199.8	56.0628
200	56.0628
200.2	56.0628
200.4	56.0628
200.6	56.0628
200.8	56.0628
201	56.0628
201.2	56.0628
201.4	56.0628
201.6	56.0628
201.8	56.0628
202	56.0628
202.2	56.0628
202.4	56.0628
202.6	56.0628
202.8	56.0628
203	56.1372
203.2	56.1351
203.4	56.1489
203.6	56.0829
203.8	56.0748
204	56.0678
204.2	56.0611
204.4	56.073
204.6	56.0719
204.8	56.0708
205	56.0735
205.2	56.0735
205.4	56.0735
205.6	56.0735
205.8	56.0735
206	56.0735
206.2	56.0735
206.4	56.0735
206.6	56.0735
206.8	56.0735
207	56.0735
207.2	56.0735
207.4	56.0735
207.6	56.0735
207.8	56.0735
208	56.0735
208.2	56.0735
208.4	56.0735
208.6	56.0735
208.8	56.0735
209	56.0735
209.2	56.0735
209.4	56.0735
209.6	56.0735
209.8	56.0735
210	56.0735
210.2	56.0735
210.4	56.0735
210.6	56.0735
210.8	56.0735
211	56.0735
211.2	56.0735
211.4	56.0735
211.6	56.0735
211.8	56.0735
212	56.0735
212.2	56.0735
212.4	56.0735
212.6	56.0735
212.8	56.0735
213	56.0735
213.2	56.0735
213.4	56.0804
213.6	56.0825
213.8	56.0847
214	56.0793
214.2	56.0793
214.4	56.0793
214.6	56.0793
214.8	56.0793
215	56.0793
215.2	56.0793
215.4	56.0793
215.6	56.0793
215.8	56.0793
216	56.0793
216.2	56.0793
216.4	56.0793
216.6	56.0793
216.8	56.0793
217	56.0793
217.2	56.0793
217.4	56.0793
217.6	56.0793
217.8	56.0793
218	56.0793
218.2	56.0793
218.4	56.0793
218.6	56.0793
218.8	56.0793
219	56.0793
219.2	56.0793
219.4	56.0793
219.6	56.0793
219.8	56.0793
220	56.0793
220.2	56.0793
220.4	56.0793
220.6	56.0793
220.8	56.0793
221	56.0793
221.2	56.0793
221.4	56.0793
221.6	55.0275
221.8	54.7746
222	54.5532
222.2	55.1628
222.4	55.1628
222.6	55.1628
222.8	55.1628
223	55.1387
223.2	55.1322
223.4	55.1261
223.6	55.1429
223.8	55.1429
224	55.1429
224.2	55.1429
224.4	55.1429