50.9766	70	153597
50.9766	69.8	153222
51.5391	65.8	145963
52.1016	56.4	128575
52.6641	49	114938
53.2266	41	100176
53.7891	40.4	99296.2
54.3516	38.6	96165.2
54.9141	38.4	96035.8
55.4766	38	95531.3
56.0391	37.8	95401.9
56.6016	37.2	94522.1
57.1641	36.8	94017.5
57.7266	36.4	93512.9
58.2891	35.4	91882.7
58.8516	34.6	90627.7
59.4141	33.6	88997.5
59.9766	33.2	88493
60.5391	32.8	87988.4
61.1016	32.2	87108.6
61.6641	31.8	86604
62.2266	31.4	86099.4
62.7891	31	85594.8
63.3516	30.4	84715
63.9141	30	84210.4
64.4766	29.6	83705.9
65.0391	29	82826.1
65.6016	28.6	82321.5
66.1641	28.2	81816.9
66.7266	27.8	81312.3
67.2891	27.4	80807.7
67.8516	27.4	81053.5
68.4141	27	80548.9
68.9766	26.6	80044.4
69.5391	25.8	78789.4
70.1016	25.4	78284.8
70.6641	25.2	78155.4
71.2266	24.8	77650.8
71.7891	24.2	76771
72.3516	23.8	76266.4
72.9141	23.4	75761.8
73.4766	22.8	74882.1
74.0391	22.4	74377.5
74.6016	22	73872.9
75.1641	21.6	73368.3
75.7266	21	72488.5
76.2891	20.6	71983.9
76.8516	20.2	71479.3
77.4141	19.6	70599.5
77.9766	19.4	70470.2
78.5391	19.4	70716
79.1016	19.4	70961.8
79.6641	19.4	71207.6
80.2266	19.4	71453.4
80.7891	19.4	71699.2
81.3516	19.4	71945
81.9141	19.4	72190.8
82.4766	19.4	72436.7
83.0391	19.2	72307.3
83.6016	19	72177.9
84.1641	18.8	72048.5
84.7266	18.6	71919.1
85.2891	18.4	71789.7
85.8516	18.4	72035.5
86.4141	18.4	72281.3
86.9766	18.4	72527.2
87.5391	18.4	72773
88.1016	18.2	72643.6
88.6641	18.2	72889.4
89.2266	18.2	73135.2
89.7891	18	73005.8
90.3516	18	73251.6
90.9141	18	73497.4
91.4766	17.8	73368.1
92.0391	17.8	73613.9
92.6016	17.8	73859.7
93.1641	17.6	73730.3
93.7266	17.4	73600.9
94.2891	17.4	73846.7
94.8516	17.2	73717.3
95.4141	17.2	73963.1
95.9766	17.2	74209
96.5391	17	74079.6
97.1016	17	74325.4
97.6641	16.8	74196
98.2266	16.8	74441.8
98.7891	16.8	74687.6
99.3516	16.8	74933.4
99.9141	16.6	74804
100.477	16.6	75049.9
101.039	16.4	74920.5
101.602	16.4	75166.3
102.164	16.4	75412.1
102.727	16.2	75282.7
103.289	16.2	75528.5
103.852	16.2	75774.3
104.414	16.2	76020.1
104.977	16.2	76266
105.539	16.2	76511.8
106.102	16	76382.4
106.664	16	76628.2
107.227	16	76874
107.789	16	77119.8
108.352	15.8	76990.4
108.914	15.8	77236.2
109.477	15.8	77482.1
110.039	15.8	77727.9
110.602	15.8	77973.7
111.164	15.8	78219.5
111.727	15.8	78465.3
112.289	15.6	78335.9
112.852	15.6	78581.7
113.414	15.6	78827.5
113.977	15.6	79073.4
114.539	15.6	79319.2
115.102	15.6	79565
115.664	15.6	79810.8
116.227	15.6	80056.6
116.789	15.4	79927.2
117.352	15.4	80173
117.914	15.4	80418.8
118.477	15.4	80664.7
119.039	15.4	80910.5
119.602	15.4	81156.3
120.164	15.4	81402.1
120.727	15.4	81647.9
121.289	15.2	81518.5
121.852	15.2	81764.3
122.414	15.2	82010.1
122.977	15.2	82256
123.539	15.2	82501.8
124.102	15	82372.4
124.664	15	82618.2
125.227	15	82864
125.789	15	83109.8
126.352	15	83355.6
126.914	14.8	83226.2
127.477	14.8	83472.1
128.039	14.8	83717.9
128.602	14.8	83963.7
129.164	14.8	84209.5
129.727	14.8	84455.3
130.289	14.8	84701.1
130.852	14.8	84946.9
131.414	14.6	84817.5
131.977	14.6	85063.4
132.539	14.6	85309.2
133.102	14.6	85555
133.664	14.6	85800.8
134.227	14.6	86046.6
134.789	14.6	86292.4
135.352	14.6	86538.2
135.914	14.6	86784
136.477	14.6	87029.9
137.039	14.6	87275.7
137.602	14.6	87521.5
138.164	14.6	87767.3
138.727	14.6	88013.1
139.289	14.6	88258.9
139.852	14.4	88129.5
140.414	14.4	88375.3
140.977	14.4	88621.2
141.539	14.4	88867
142.102	14.4	89112.8
142.664	14.4	89358.6
143.227	14.4	89604.4
143.789	14.4	89850.2
144.352	14.2	89720.8
144.914	14.2	89966.6
145.477	14.2	90212.5
146.039	14.2	90458.3
146.602	14.2	90704.1
147.164	14.2	90949.9
147.727	14.2	91195.7
148.289	14.2	91441.5
148.852	14.2	91687.3
149.414	14.2	91933.1
149.977	14.2	92179
150.539	14.2	92424.8
151.102	14	92295.4
151.664	14	92541.2
152.227	14	92787
152.789	14	93032.8
153.352	14	93278.6
153.914	14	93524.4
154.477	14	93770.3
155.039	14	94016.1
155.602	14	94261.9
156.164	14	94507.7
156.727	14	94753.5
157.289	14	94999.3
157.852	14	95245.1
158.414	14	95490.9
158.977	14	95736.8
159.539	14	95982.6
160.102	14	96228.4
160.664	13.8	96099
161.227	13.8	96344.8
161.789	13.8	96590.6
162.352	13.8	96836.4
162.914	13.8	97082.2
163.477	13.8	97328.1
164.039	13.8	97573.9
164.602	13.8	97819.7
165.164	13.8	98065.5
165.727	13.8	98311.3
166.289	13.8	98557.1
166.852	13.8	98802.9
167.414	13.8	99048.7
167.977	13.8	99294.6
168.539	13.8	99540.4
169.102	13.8	99786.2
169.664	13.8	100032
170.227	13.8	100278
170.789	13.8	100524
171.352	13.8	100769
171.914	13.8	101015
172.477	13.8	101261
173.039	13.8	101507
173.602	13.8	101753
174.164	13.8	101998
174.727	13.8	102244
175.289	13.8	102490
175.852	13.8	102736
176.414	13.8	102982
176.977	13.8	103228
177.539	13.8	103473
178.102	13.8	103719
178.664	13.8	103965
179.227	13.8	104211
179.789	13.8	104457
180.352	13.8	104702
180.914	13.8	104948
181.477	13.8	105194
182.039	13.8	105440
182.602	13.8	105686
183.164	13.8	105931
183.727	13.8	106177
184.289	13.6	106048
184.852	13.6	106294
185.414	13.6	106540
185.977	13.6	106785
186.539	13.6	107031
187.102	13.6	107277
187.664	13.6	107523
188.227	13.6	107769
188.789	13.6	108014
189.352	13.6	108260
189.914	13.6	108506
190.477	13.6	108752
191.039	13.6	108998
191.602	13.6	109243
192.164	13.6	109489
192.727	13.6	109735
193.289	13.6	109981
193.852	13.6	110227
194.414	13.6	110473
194.977	13.6	110718
195.539	13.6	110964
196.102	13.6	111210
196.664	13.6	111456
197.227	13.4	111326
197.789	13.4	111572
198.352	13.4	111818
198.914	13.4	112064
199.477	13.4	112310
200.039	13.4	112555
200.602	13.4	112801
201.164	13.4	113047
201.727	13.4	113293
202.289	13.4	113539
202.852	13.2	113409
203.414	13.2	113655
203.977	13.2	113901
204.539	13.2	114147
205.102	13.2	114393
205.664	13.2	114638
206.227	13.2	114884
206.789	13.2	115130
207.352	13.2	115376
207.914	13.2	115622
208.477	13.2	115867
209.039	13.2	116113
209.602	13.2	116359
210.164	13.2	116605
210.727	13.2	116851
211.289	13.2	117097
211.852	13.2	117342
212.414	13.2	117588
212.977	13.2	117834
213.539	13.2	118080
214.102	13.2	118326
214.664	13.2	118571
215.227	13.2	118817
215.789	13.2	119063
216.352	13.2	119309
216.914	13.2	119555
217.477	13.2	119800
218.039	13.2	120046
218.602	13.2	120292
219.164	13.2	120538
219.727	13.2	120784
220.289	13.2	121030
220.852	13.2	121275
221.414	13.2	121521
221.977	13.2	121767
222.539	13.2	122013
223.102	13.2	122259
223.664	13.2	122504
224.227	13.2	122750
224.789	13.2	122996